{
 "cells": [
  {
   "cell_type": "code",
   "execution_count": 18,
   "id": "96612f95",
   "metadata": {},
   "outputs": [],
   "source": [
    "import pandas as pd\n",
    "import numpy as np\n",
    "import statsmodels.api as sm\n",
    "from scipy.stats import mstats\n",
    "import os"
   ]
  },
  {
   "cell_type": "code",
   "execution_count": null,
   "id": "5e07a240",
   "metadata": {},
   "outputs": [
    {
     "data": {
      "text/plain": [
       "\"\\n# Winsorize and standardize factors\\nfor col in ['Quality', 'Momentum', 'Value', 'Low_vol', 'Market']:\\n    df[col] = mstats.winsorize(df[col], limits=[0.05, 0.05])\\n    df[col] = (df[col] - df[col].mean()) / df[col].std()\\n\""
      ]
     },
     "execution_count": 19,
     "metadata": {},
     "output_type": "execute_result"
    }
   ],
   "source": [
    "# --- Step 1: Load Data ---\n",
    "file_path = os.getcwd() + '/data/Factor_data.xlsx'\n",
    "df = pd.read_excel(file_path, sheet_name='dc_fund', index_col=0)\n",
    "df = df.tail(36).copy()\n",
    "\n",
    "\"\"\"\n",
    "# Winsorize and standardize factors\n",
    "for col in ['Quality', 'Momentum', 'Value', 'Low_vol', 'Market']:\n",
    "    df[col] = mstats.winsorize(df[col], limits=[0.05, 0.05])\n",
    "    df[col] = (df[col] - df[col].mean()) / df[col].std()\n",
    "\"\"\""
   ]
  },
  {
   "cell_type": "code",
   "execution_count": 20,
   "id": "3d023322",
   "metadata": {},
   "outputs": [
    {
     "name": "stdout",
     "output_type": "stream",
     "text": [
      "Index(['Net Return', 'Benchmark Return', 'Quality', 'Momentum', 'Value',\n",
      "       'Low_vol', 'Market', 'Quality_mn', 'Momentum_mn', 'Value_mn',\n",
      "       'Low_vol_mn'],\n",
      "      dtype='object')\n"
     ]
    }
   ],
   "source": [
    "market_neutral_factors = {}\n",
    "\n",
    "for factor in ['Quality', 'Momentum', 'Value', 'Low_vol']:\n",
    "    # Prepare regression variables\n",
    "    x_market = sm.add_constant(df['Market'])\n",
    "    y_factor = df[factor]\n",
    "\n",
    "    \n",
    "    # Run regression\n",
    "    model = sm.OLS(y_factor, x_market).fit()\n",
    "    \n",
    "    # Get residuals (market-neutral factor returns)\n",
    "    market_neutral_factors[factor] = model.resid\n",
    "\n",
    "# Add market-neutral factors to DataFrame\n",
    "for factor in market_neutral_factors:\n",
    "    df[f'{factor}_mn'] = market_neutral_factors[factor]\n",
    "\n",
    "# Now use ['Quality_mn', 'Momentum_mn', 'Value_mn', 'Low_vol_mn'] as your factors in further analysis\n",
    "\n",
    "print(df.columns)"
   ]
  },
  {
   "cell_type": "code",
   "execution_count": 31,
   "id": "0e4bc68c",
   "metadata": {},
   "outputs": [
    {
     "data": {
      "text/html": [
       "<div>\n",
       "<style scoped>\n",
       "    .dataframe tbody tr th:only-of-type {\n",
       "        vertical-align: middle;\n",
       "    }\n",
       "\n",
       "    .dataframe tbody tr th {\n",
       "        vertical-align: top;\n",
       "    }\n",
       "\n",
       "    .dataframe thead th {\n",
       "        text-align: right;\n",
       "    }\n",
       "</style>\n",
       "<table border=\"1\" class=\"dataframe\">\n",
       "  <thead>\n",
       "    <tr style=\"text-align: right;\">\n",
       "      <th></th>\n",
       "      <th>Quality</th>\n",
       "      <th>Momentum</th>\n",
       "      <th>Value</th>\n",
       "      <th>Low_vol</th>\n",
       "      <th>Market</th>\n",
       "    </tr>\n",
       "  </thead>\n",
       "  <tbody>\n",
       "    <tr>\n",
       "      <th>Quality</th>\n",
       "      <td>1.000000</td>\n",
       "      <td>0.896456</td>\n",
       "      <td>0.835524</td>\n",
       "      <td>0.865622</td>\n",
       "      <td>0.908279</td>\n",
       "    </tr>\n",
       "    <tr>\n",
       "      <th>Momentum</th>\n",
       "      <td>0.896456</td>\n",
       "      <td>1.000000</td>\n",
       "      <td>0.868006</td>\n",
       "      <td>0.838115</td>\n",
       "      <td>0.923693</td>\n",
       "    </tr>\n",
       "    <tr>\n",
       "      <th>Value</th>\n",
       "      <td>0.835524</td>\n",
       "      <td>0.868006</td>\n",
       "      <td>1.000000</td>\n",
       "      <td>0.840170</td>\n",
       "      <td>0.865474</td>\n",
       "    </tr>\n",
       "    <tr>\n",
       "      <th>Low_vol</th>\n",
       "      <td>0.865622</td>\n",
       "      <td>0.838115</td>\n",
       "      <td>0.840170</td>\n",
       "      <td>1.000000</td>\n",
       "      <td>0.929970</td>\n",
       "    </tr>\n",
       "    <tr>\n",
       "      <th>Market</th>\n",
       "      <td>0.908279</td>\n",
       "      <td>0.923693</td>\n",
       "      <td>0.865474</td>\n",
       "      <td>0.929970</td>\n",
       "      <td>1.000000</td>\n",
       "    </tr>\n",
       "  </tbody>\n",
       "</table>\n",
       "</div>"
      ],
      "text/plain": [
       "           Quality  Momentum     Value   Low_vol    Market\n",
       "Quality   1.000000  0.896456  0.835524  0.865622  0.908279\n",
       "Momentum  0.896456  1.000000  0.868006  0.838115  0.923693\n",
       "Value     0.835524  0.868006  1.000000  0.840170  0.865474\n",
       "Low_vol   0.865622  0.838115  0.840170  1.000000  0.929970\n",
       "Market    0.908279  0.923693  0.865474  0.929970  1.000000"
      ]
     },
     "execution_count": 31,
     "metadata": {},
     "output_type": "execute_result"
    }
   ],
   "source": [
    "df[['Quality', 'Momentum', 'Value', 'Low_vol', 'Market']].corr()"
   ]
  },
  {
   "cell_type": "code",
   "execution_count": 29,
   "id": "8c16b167",
   "metadata": {},
   "outputs": [
    {
     "data": {
      "text/html": [
       "<div>\n",
       "<style scoped>\n",
       "    .dataframe tbody tr th:only-of-type {\n",
       "        vertical-align: middle;\n",
       "    }\n",
       "\n",
       "    .dataframe tbody tr th {\n",
       "        vertical-align: top;\n",
       "    }\n",
       "\n",
       "    .dataframe thead th {\n",
       "        text-align: right;\n",
       "    }\n",
       "</style>\n",
       "<table border=\"1\" class=\"dataframe\">\n",
       "  <thead>\n",
       "    <tr style=\"text-align: right;\">\n",
       "      <th></th>\n",
       "      <th>Quality_mn</th>\n",
       "      <th>Momentum_mn</th>\n",
       "      <th>Value_mn</th>\n",
       "      <th>Low_vol_mn</th>\n",
       "      <th>Market</th>\n",
       "    </tr>\n",
       "  </thead>\n",
       "  <tbody>\n",
       "    <tr>\n",
       "      <th>Quality_mn</th>\n",
       "      <td>1.000000e+00</td>\n",
       "      <td>3.586336e-01</td>\n",
       "      <td>2.358629e-01</td>\n",
       "      <td>1.362120e-01</td>\n",
       "      <td>4.796953e-16</td>\n",
       "    </tr>\n",
       "    <tr>\n",
       "      <th>Momentum_mn</th>\n",
       "      <td>3.586336e-01</td>\n",
       "      <td>1.000000e+00</td>\n",
       "      <td>3.572802e-01</td>\n",
       "      <td>-1.483210e-01</td>\n",
       "      <td>5.140398e-16</td>\n",
       "    </tr>\n",
       "    <tr>\n",
       "      <th>Value_mn</th>\n",
       "      <td>2.358629e-01</td>\n",
       "      <td>3.572802e-01</td>\n",
       "      <td>1.000000e+00</td>\n",
       "      <td>1.917020e-01</td>\n",
       "      <td>4.649157e-16</td>\n",
       "    </tr>\n",
       "    <tr>\n",
       "      <th>Low_vol_mn</th>\n",
       "      <td>1.362120e-01</td>\n",
       "      <td>-1.483210e-01</td>\n",
       "      <td>1.917020e-01</td>\n",
       "      <td>1.000000e+00</td>\n",
       "      <td>2.627379e-16</td>\n",
       "    </tr>\n",
       "    <tr>\n",
       "      <th>Market</th>\n",
       "      <td>4.796953e-16</td>\n",
       "      <td>5.140398e-16</td>\n",
       "      <td>4.649157e-16</td>\n",
       "      <td>2.627379e-16</td>\n",
       "      <td>1.000000e+00</td>\n",
       "    </tr>\n",
       "  </tbody>\n",
       "</table>\n",
       "</div>"
      ],
      "text/plain": [
       "               Quality_mn   Momentum_mn      Value_mn    Low_vol_mn  \\\n",
       "Quality_mn   1.000000e+00  3.586336e-01  2.358629e-01  1.362120e-01   \n",
       "Momentum_mn  3.586336e-01  1.000000e+00  3.572802e-01 -1.483210e-01   \n",
       "Value_mn     2.358629e-01  3.572802e-01  1.000000e+00  1.917020e-01   \n",
       "Low_vol_mn   1.362120e-01 -1.483210e-01  1.917020e-01  1.000000e+00   \n",
       "Market       4.796953e-16  5.140398e-16  4.649157e-16  2.627379e-16   \n",
       "\n",
       "                   Market  \n",
       "Quality_mn   4.796953e-16  \n",
       "Momentum_mn  5.140398e-16  \n",
       "Value_mn     4.649157e-16  \n",
       "Low_vol_mn   2.627379e-16  \n",
       "Market       1.000000e+00  "
      ]
     },
     "execution_count": 29,
     "metadata": {},
     "output_type": "execute_result"
    }
   ],
   "source": [
    "df[['Quality_mn', 'Momentum_mn', 'Value_mn', 'Low_vol_mn', 'Market']].corr()"
   ]
  },
  {
   "cell_type": "code",
   "execution_count": 21,
   "id": "d1ff920b",
   "metadata": {},
   "outputs": [
    {
     "name": "stdout",
     "output_type": "stream",
     "text": [
      "                            OLS Regression Results                            \n",
      "==============================================================================\n",
      "Dep. Variable:             Net Return   R-squared:                       0.284\n",
      "Model:                            OLS   Adj. R-squared:                  0.134\n",
      "Method:                 Least Squares   F-statistic:                     1.901\n",
      "Date:                Mon, 15 Sep 2025   Prob (F-statistic):              0.132\n",
      "Time:                        00:18:30   Log-Likelihood:                 109.61\n",
      "No. Observations:                  30   AIC:                            -207.2\n",
      "Df Residuals:                      24   BIC:                            -198.8\n",
      "Df Model:                           5                                         \n",
      "Covariance Type:            nonrobust                                         \n",
      "===============================================================================\n",
      "                  coef    std err          t      P>|t|      [0.025      0.975]\n",
      "-------------------------------------------------------------------------------\n",
      "const           0.0093      0.001      6.799      0.000       0.006       0.012\n",
      "Quality_mn      0.0105      0.070      0.150      0.882      -0.135       0.156\n",
      "Momentum_mn    -0.0224      0.069     -0.327      0.747      -0.164       0.119\n",
      "Value_mn        0.1030      0.052      2.000      0.057      -0.003       0.209\n",
      "Low_vol_mn      0.0858      0.105      0.816      0.423      -0.131       0.303\n",
      "Market          0.0609      0.034      1.794      0.085      -0.009       0.131\n",
      "==============================================================================\n",
      "Omnibus:                        0.707   Durbin-Watson:                   1.331\n",
      "Prob(Omnibus):                  0.702   Jarque-Bera (JB):                0.713\n",
      "Skew:                           0.105   Prob(JB):                        0.700\n",
      "Kurtosis:                       2.275   Cond. No.                         86.8\n",
      "==============================================================================\n",
      "\n",
      "Notes:\n",
      "[1] Standard Errors assume that the covariance matrix of the errors is correctly specified.\n",
      "Quality_mn     0.010524\n",
      "Momentum_mn   -0.022441\n",
      "Value_mn       0.103029\n",
      "Low_vol_mn     0.085792\n",
      "Market         0.060947\n",
      "dtype: float64\n"
     ]
    }
   ],
   "source": [
    "# --- Step 3: Prepare Regression Variables ---\n",
    "X = df[['Quality_mn', 'Momentum_mn', 'Value_mn', 'Low_vol_mn', 'Market']]\n",
    "# X = df[['Quality', 'Momentum', 'Value', 'Low_vol']] \n",
    "y = df['Net Return']  # or df['Benchmark Return']\n",
    "\n",
    "# Add constant for intercept\n",
    "X = sm.add_constant(X)\n",
    "\n",
    "# --- Step 4: Run Regression ---\n",
    "model = sm.OLS(y, X).fit()\n",
    "print(model.summary())\n",
    "\n",
    "# --- Step 5: Get Betas (Factor Sensitivities) ---\n",
    "betas = model.params.drop('const')\n",
    "print(betas)"
   ]
  },
  {
   "cell_type": "code",
   "execution_count": 22,
   "id": "10c434ca",
   "metadata": {},
   "outputs": [
    {
     "data": {
      "text/html": [
       "<div>\n",
       "<style scoped>\n",
       "    .dataframe tbody tr th:only-of-type {\n",
       "        vertical-align: middle;\n",
       "    }\n",
       "\n",
       "    .dataframe tbody tr th {\n",
       "        vertical-align: top;\n",
       "    }\n",
       "\n",
       "    .dataframe thead th {\n",
       "        text-align: right;\n",
       "    }\n",
       "</style>\n",
       "<table border=\"1\" class=\"dataframe\">\n",
       "  <thead>\n",
       "    <tr style=\"text-align: right;\">\n",
       "      <th></th>\n",
       "      <th>Quality_mn</th>\n",
       "      <th>Momentum_mn</th>\n",
       "      <th>Value_mn</th>\n",
       "      <th>Low_vol_mn</th>\n",
       "      <th>Market</th>\n",
       "    </tr>\n",
       "  </thead>\n",
       "  <tbody>\n",
       "    <tr>\n",
       "      <th>Quality_mn</th>\n",
       "      <td>4.123953e-04</td>\n",
       "      <td>1.613065e-04</td>\n",
       "      <td>1.346749e-04</td>\n",
       "      <td>3.648162e-05</td>\n",
       "      <td>3.738628e-19</td>\n",
       "    </tr>\n",
       "    <tr>\n",
       "      <th>Momentum_mn</th>\n",
       "      <td>1.613065e-04</td>\n",
       "      <td>4.905553e-04</td>\n",
       "      <td>2.224966e-04</td>\n",
       "      <td>-4.332599e-05</td>\n",
       "      <td>5.021445e-19</td>\n",
       "    </tr>\n",
       "    <tr>\n",
       "      <th>Value_mn</th>\n",
       "      <td>1.346749e-04</td>\n",
       "      <td>2.224966e-04</td>\n",
       "      <td>7.905709e-04</td>\n",
       "      <td>7.108843e-05</td>\n",
       "      <td>4.897603e-19</td>\n",
       "    </tr>\n",
       "    <tr>\n",
       "      <th>Low_vol_mn</th>\n",
       "      <td>3.648162e-05</td>\n",
       "      <td>-4.332599e-05</td>\n",
       "      <td>7.108843e-05</td>\n",
       "      <td>1.739416e-04</td>\n",
       "      <td>1.644996e-19</td>\n",
       "    </tr>\n",
       "    <tr>\n",
       "      <th>Market</th>\n",
       "      <td>3.738628e-19</td>\n",
       "      <td>5.021445e-19</td>\n",
       "      <td>4.897603e-19</td>\n",
       "      <td>1.644996e-19</td>\n",
       "      <td>1.465643e-03</td>\n",
       "    </tr>\n",
       "  </tbody>\n",
       "</table>\n",
       "</div>"
      ],
      "text/plain": [
       "               Quality_mn   Momentum_mn      Value_mn    Low_vol_mn  \\\n",
       "Quality_mn   4.123953e-04  1.613065e-04  1.346749e-04  3.648162e-05   \n",
       "Momentum_mn  1.613065e-04  4.905553e-04  2.224966e-04 -4.332599e-05   \n",
       "Value_mn     1.346749e-04  2.224966e-04  7.905709e-04  7.108843e-05   \n",
       "Low_vol_mn   3.648162e-05 -4.332599e-05  7.108843e-05  1.739416e-04   \n",
       "Market       3.738628e-19  5.021445e-19  4.897603e-19  1.644996e-19   \n",
       "\n",
       "                   Market  \n",
       "Quality_mn   3.738628e-19  \n",
       "Momentum_mn  5.021445e-19  \n",
       "Value_mn     4.897603e-19  \n",
       "Low_vol_mn   1.644996e-19  \n",
       "Market       1.465643e-03  "
      ]
     },
     "execution_count": 22,
     "metadata": {},
     "output_type": "execute_result"
    }
   ],
   "source": [
    "# --- Step 6: Calculate Factor Variances and Covariances ---\n",
    "factor_returns = df[['Quality_mn', 'Momentum_mn', 'Value_mn', 'Low_vol_mn', 'Market']]\n",
    "#factor_returns = df[['Quality', 'Momentum', 'Value', 'Low_vol']] \n",
    "factor_cov = factor_returns.cov()\n",
    "factor_var = factor_returns.var()\n",
    "\n",
    "factor_cov"
   ]
  },
  {
   "cell_type": "code",
   "execution_count": 23,
   "id": "3264ed9d",
   "metadata": {},
   "outputs": [],
   "source": [
    "# --- Step 7: Calculate Risk Attribution ---\n",
    "# Portfolio variance explained by factors\n",
    "risk_contributions = {}\n",
    "for i, factor in enumerate(factor_returns.columns):\n",
    "    # Variance term\n",
    "    var_term = betas[factor]**2 * factor_var[factor]\n",
    "    # Covariance terms\n",
    "    cov_term = 0\n",
    "    for j, other_factor in enumerate(factor_returns.columns):\n",
    "        if i != j:\n",
    "            cov_term += betas[factor] * betas[other_factor] * factor_cov.loc[factor, other_factor]\n",
    "    # Total contribution\n",
    "    risk_contributions[factor] = var_term + cov_term\n",
    "\n",
    "# Residual (unexplained) risk\n",
    "residual_var = model.resid.var()"
   ]
  },
  {
   "cell_type": "code",
   "execution_count": 24,
   "id": "e29d9c94",
   "metadata": {},
   "outputs": [
    {
     "name": "stdout",
     "output_type": "stream",
     "text": [
      "\n",
      "Risk Attribution (Absolute):\n",
      "Quality_mn: 0.000000 (0.33% of total risk)\n",
      "Momentum_mn: -0.000000 (-0.39% of total risk)\n",
      "Value_mn: 0.000009 (15.26% of total risk)\n",
      "Low_vol_mn: 0.000002 (3.57% of total risk)\n",
      "Market: 0.000005 (9.60% of total risk)\n",
      "Residual: 0.000041 (71.63% of total risk)\n",
      "Total Portfolio Variance: 0.000057\n"
     ]
    }
   ],
   "source": [
    "# --- Step 8: Summarize Results ---\n",
    "total_risk = sum(risk_contributions.values()) + residual_var\n",
    "\n",
    "print(\"\\nRisk Attribution (Absolute):\")\n",
    "for factor, contribution in risk_contributions.items():\n",
    "    print(f\"{factor}: {contribution:.6f} ({contribution/total_risk:.2%} of total risk)\")\n",
    "print(f\"Residual: {residual_var:.6f} ({residual_var/total_risk:.2%} of total risk)\")\n",
    "print(f\"Total Portfolio Variance: {total_risk:.6f}\")"
   ]
  },
  {
   "cell_type": "code",
   "execution_count": 25,
   "id": "f876f824",
   "metadata": {},
   "outputs": [
    {
     "name": "stdout",
     "output_type": "stream",
     "text": [
      "Return Attribution (last 36 rows):\n",
      "Alpha: 0.928872%\n",
      "Quality_mn: 0.000000%\n",
      "Momentum_mn: 0.000000%\n",
      "Value_mn: -0.000000%\n",
      "Low_vol_mn: -0.000000%\n",
      "Market: 0.086211%\n",
      "Residual: 0.000000%\n",
      "Total: 1.015083% (should match average Net Return: 1.015083%)\n"
     ]
    }
   ],
   "source": [
    "# --- Step 9: Attribution Calculation ---\n",
    "betas = model.params.drop('const')\n",
    "alpha = model.params['const']\n",
    "avg_factors = X.drop('const', axis=1).mean()\n",
    "\n",
    "# Factor contributions\n",
    "factor_contributions = betas * avg_factors\n",
    "\n",
    "# Alpha contribution\n",
    "alpha_contribution = alpha\n",
    "\n",
    "# Residual (unexplained) contribution\n",
    "residuals = model.resid\n",
    "residual_contribution = residuals.mean()\n",
    "\n",
    "# Total (should match average net return)\n",
    "total_contribution = factor_contributions.sum() + alpha_contribution + residual_contribution\n",
    "\n",
    "# --- Step 6: Display Results ---\n",
    "print(\"Return Attribution (last 36 rows):\")\n",
    "print(f\"Alpha: {alpha_contribution:.6%}\")\n",
    "for factor in betas.index:\n",
    "    print(f\"{factor}: {factor_contributions[factor]:.6%}\")\n",
    "print(f\"Residual: {residual_contribution:.6%}\")\n",
    "print(f\"Total: {total_contribution:.6%} (should match average Net Return: {y.mean():.6%})\")"
   ]
  },
  {
   "cell_type": "code",
   "execution_count": null,
   "id": "348f21f5",
   "metadata": {},
   "outputs": [
    {
     "data": {
      "text/html": [
       "<div>\n",
       "<style scoped>\n",
       "    .dataframe tbody tr th:only-of-type {\n",
       "        vertical-align: middle;\n",
       "    }\n",
       "\n",
       "    .dataframe tbody tr th {\n",
       "        vertical-align: top;\n",
       "    }\n",
       "\n",
       "    .dataframe thead th {\n",
       "        text-align: right;\n",
       "    }\n",
       "</style>\n",
       "<table border=\"1\" class=\"dataframe\">\n",
       "  <thead>\n",
       "    <tr style=\"text-align: right;\">\n",
       "      <th></th>\n",
       "      <th>Quality</th>\n",
       "      <th>Momentum</th>\n",
       "      <th>Value</th>\n",
       "      <th>Low_vol</th>\n",
       "    </tr>\n",
       "  </thead>\n",
       "  <tbody>\n",
       "    <tr>\n",
       "      <th>Quality</th>\n",
       "      <td>1.000000</td>\n",
       "      <td>0.896456</td>\n",
       "      <td>0.835524</td>\n",
       "      <td>0.865622</td>\n",
       "    </tr>\n",
       "    <tr>\n",
       "      <th>Momentum</th>\n",
       "      <td>0.896456</td>\n",
       "      <td>1.000000</td>\n",
       "      <td>0.868006</td>\n",
       "      <td>0.838115</td>\n",
       "    </tr>\n",
       "    <tr>\n",
       "      <th>Value</th>\n",
       "      <td>0.835524</td>\n",
       "      <td>0.868006</td>\n",
       "      <td>1.000000</td>\n",
       "      <td>0.840170</td>\n",
       "    </tr>\n",
       "    <tr>\n",
       "      <th>Low_vol</th>\n",
       "      <td>0.865622</td>\n",
       "      <td>0.838115</td>\n",
       "      <td>0.840170</td>\n",
       "      <td>1.000000</td>\n",
       "    </tr>\n",
       "  </tbody>\n",
       "</table>\n",
       "</div>"
      ],
      "text/plain": [
       "           Quality  Momentum     Value   Low_vol\n",
       "Quality   1.000000  0.896456  0.835524  0.865622\n",
       "Momentum  0.896456  1.000000  0.868006  0.838115\n",
       "Value     0.835524  0.868006  1.000000  0.840170\n",
       "Low_vol   0.865622  0.838115  0.840170  1.000000"
      ]
     },
     "execution_count": 26,
     "metadata": {},
     "output_type": "execute_result"
    }
   ],
   "source": []
  },
  {
   "cell_type": "code",
   "execution_count": null,
   "id": "c86a7eb4",
   "metadata": {},
   "outputs": [
    {
     "data": {
      "text/html": [
       "<div>\n",
       "<style scoped>\n",
       "    .dataframe tbody tr th:only-of-type {\n",
       "        vertical-align: middle;\n",
       "    }\n",
       "\n",
       "    .dataframe tbody tr th {\n",
       "        vertical-align: top;\n",
       "    }\n",
       "\n",
       "    .dataframe thead th {\n",
       "        text-align: right;\n",
       "    }\n",
       "</style>\n",
       "<table border=\"1\" class=\"dataframe\">\n",
       "  <thead>\n",
       "    <tr style=\"text-align: right;\">\n",
       "      <th></th>\n",
       "      <th>Quality_mn</th>\n",
       "      <th>Momentum_mn</th>\n",
       "      <th>Value_mn</th>\n",
       "      <th>Low_vol_mn</th>\n",
       "      <th>Market</th>\n",
       "    </tr>\n",
       "  </thead>\n",
       "  <tbody>\n",
       "    <tr>\n",
       "      <th>Quality_mn</th>\n",
       "      <td>1.000000e+00</td>\n",
       "      <td>3.586336e-01</td>\n",
       "      <td>2.358629e-01</td>\n",
       "      <td>1.362120e-01</td>\n",
       "      <td>4.796953e-16</td>\n",
       "    </tr>\n",
       "    <tr>\n",
       "      <th>Momentum_mn</th>\n",
       "      <td>3.586336e-01</td>\n",
       "      <td>1.000000e+00</td>\n",
       "      <td>3.572802e-01</td>\n",
       "      <td>-1.483210e-01</td>\n",
       "      <td>5.140398e-16</td>\n",
       "    </tr>\n",
       "    <tr>\n",
       "      <th>Value_mn</th>\n",
       "      <td>2.358629e-01</td>\n",
       "      <td>3.572802e-01</td>\n",
       "      <td>1.000000e+00</td>\n",
       "      <td>1.917020e-01</td>\n",
       "      <td>4.649157e-16</td>\n",
       "    </tr>\n",
       "    <tr>\n",
       "      <th>Low_vol_mn</th>\n",
       "      <td>1.362120e-01</td>\n",
       "      <td>-1.483210e-01</td>\n",
       "      <td>1.917020e-01</td>\n",
       "      <td>1.000000e+00</td>\n",
       "      <td>2.627379e-16</td>\n",
       "    </tr>\n",
       "    <tr>\n",
       "      <th>Market</th>\n",
       "      <td>4.796953e-16</td>\n",
       "      <td>5.140398e-16</td>\n",
       "      <td>4.649157e-16</td>\n",
       "      <td>2.627379e-16</td>\n",
       "      <td>1.000000e+00</td>\n",
       "    </tr>\n",
       "  </tbody>\n",
       "</table>\n",
       "</div>"
      ],
      "text/plain": [
       "               Quality_mn   Momentum_mn      Value_mn    Low_vol_mn  \\\n",
       "Quality_mn   1.000000e+00  3.586336e-01  2.358629e-01  1.362120e-01   \n",
       "Momentum_mn  3.586336e-01  1.000000e+00  3.572802e-01 -1.483210e-01   \n",
       "Value_mn     2.358629e-01  3.572802e-01  1.000000e+00  1.917020e-01   \n",
       "Low_vol_mn   1.362120e-01 -1.483210e-01  1.917020e-01  1.000000e+00   \n",
       "Market       4.796953e-16  5.140398e-16  4.649157e-16  2.627379e-16   \n",
       "\n",
       "                   Market  \n",
       "Quality_mn   4.796953e-16  \n",
       "Momentum_mn  5.140398e-16  \n",
       "Value_mn     4.649157e-16  \n",
       "Low_vol_mn   2.627379e-16  \n",
       "Market       1.000000e+00  "
      ]
     },
     "execution_count": 27,
     "metadata": {},
     "output_type": "execute_result"
    }
   ],
   "source": []
  },
  {
   "cell_type": "code",
   "execution_count": null,
   "id": "8883c5ba",
   "metadata": {},
   "outputs": [],
   "source": []
  }
 ],
 "metadata": {
  "kernelspec": {
   "display_name": ".venv",
   "language": "python",
   "name": "python3"
  },
  "language_info": {
   "codemirror_mode": {
    "name": "ipython",
    "version": 3
   },
   "file_extension": ".py",
   "mimetype": "text/x-python",
   "name": "python",
   "nbconvert_exporter": "python",
   "pygments_lexer": "ipython3",
   "version": "3.13.0"
  }
 },
 "nbformat": 4,
 "nbformat_minor": 5
}
